name: PC_Client
channels:
  - conda-forge
  - defaults
dependencies:
  - bzip2=1.0.8=hcfcfb64_5
  - ca-certificates=2023.11.17=h56e8100_0
  - libffi=3.4.2=h8ffe710_5
  - libsqlite=3.44.2=hcfcfb64_0
  - libzlib=1.2.13=hcfcfb64_5
  - openssl=3.2.0=hcfcfb64_1
  - pip=23.3.2=pyhd8ed1ab_0
  - python=3.8.18=h4de0772_1_cpython
  - setuptools=69.0.3=pyhd8ed1ab_0
  - tk=8.6.13=h5226925_1
  - ucrt=10.0.22621.0=h57928b3_0
  - vc=14.3=hcf57466_18
  - vc14_runtime=14.38.33130=h82b7239_18
  - vs2015_runtime=14.38.33130=hcb4865c_18
  - wheel=0.42.0=pyhd8ed1ab_0
  - xz=5.2.6=h8d14728_0
prefix: C:\Users\ianfl\.conda\envs\PC_Client
